0,1 2
0,3 9
0,9 4
0,10 11
0,14 7
0,15 4
0,23 1
0,24 9
0,25 1
0,27 4
0,30 7
0,34 5
0,35 1
0,37 9
0,38 12
0,41 6
0,44 4
0,45 8
0,46 3
1,29791 3
1,35648 5
2,24539 4
2,24714 7
3,1532 12
3,13185 12
4,72 5
4,19068 5
5,43262 8
6,38736 9
9,18972 12
17,7284 12
18,2411 12
21,17033 10
21,20379 10
22,43400 11
26,19051 10
30,83 12
31,49247 12
32,2246 9
34,29251 9
34,38192 3
36,7323 2
36,41432 9
39,10790 8
39,13344 6
40,16514 9
44,9156 12
44,32300 9
0,47 2
47,37953 7
0,48 6
0,49 4
49,43137 11
50,6319 6
0,51 2
52,63 5
52,2006 6
52,13650 12
52,21565 7
52,28332 12
52,46050 4
53,1845 12
53,30040 8
0,54 2
0,57 4
57,59 4
57,60 4
0,61 4
61,11599 7
0,62 9
62,29577 5
64,33786 5
64,48029 5
64,48908 5
0,65 3
65,19467 7
0,68 1
0,69 10
69,40463 3
70,41507 6
70,43380 4
73,1838 5
73,40448 8
74,10185 4
74,25210 12
0,75 6
0,77 3
81,13578 5
82,13712 5
87,476 8
87,962 6
87,1052 10
87,3494 12
87,4579 12
87,7858 9
87,10042 11
87,10108 4
87,15741 6
87,16706 2
87,17975 9
6202,18507 8
19594,19684 12
2009,19878 9
2121,20272 7
4986,20332 5
8330,22463 7
23063,30439 2
10119,23290 6
3996,24787 6
10027,25245 5
27059,27099 4
7785,27539 6
1458,27547 11
7785,27613 8
1061,27615 12
10027,27659 12
2662,27741 11
24282,27836 2
22928,30692 5
918,30954 2
1809,32146 9
19138,32469 10
1660,33377 10
15285,34973 7
35176,35253 6
2043,35708 8
36762,36810 6
10093,36824 12
36797,36882 7
36736,36934 10
36936,37048 5
36890,37058 2
36802,37088 10
23271,37252 8
10066,37368 6
18964,37389 2
10119,37450 7
37410,37458 5
10009,37473 10
10117,37489 3
10091,37629 11
36847,37630 9
37122,37642 5
10119,37656 2
37037,37695 3
10119,37739 2
10062,37764 6
37231,37782 4
37157,37784 2
10009,37787 10
13563,37954 10
38472,38505 7
17872,38555 3
37077,38987 9
39232,39311 4
37563,39317 9
24338,39340 7
501,39968 4
31289,40365 6
40383,40800 11
22260,40827 7
1688,41006 4
23557,41046 3
6592,41189 7
10053,41230 7
10025,41232 4
10003,41536 2
35207,41739 5
10152,41759 10
910,41850 7
9705,41906 9
10119,41929 2
19137,41963 6
4102,42818 9
12408,43083 3
30219,44085 6
36994,44105 11
30220,44212 10
8686,44521 7
3403,46264 8
1146,46537 5
12649,49285 2
32474,49912 5
88,2255 11
88,9811 9
88,27392 5
88,35778 2
89,25701 6
90,1890 12
93,12597 5
93,13580 9
93,15646 12
93,17503 10
93,20489 12
93,24235 9
93,24243 6
93,24335 7
93,28731 9
93,38039 4
0,94 1
95,97 12
95,100 9
95,103 4
95,107 11
95,111 8
95,115 8
95,118 6
95,119 3
95,122 9
95,130 10
95,132 10
95,136 7
95,137 3
95,144 5
95,151 9
95,152 4
95,156 3
95,157 2
95,160 11
95,162 5
95,164 12
95,165 5
95,173 1
96,30620 4
97,179 2
97,196 10
98,7468 10
98,11841 6
98,29784 3
98,35679 7
99,221 4
101,704 12
101,45442 6
101,47748 6
103,41450 5
104,178 3
105,19012 11
106,10615 7
106,19105 5
106,19219 2
106,29447 12
109,5172 9
110,5536 10
110,34194 12
113,25573 10
113,27030 5
113,35118 3
114,11086 12
114,11088 5
114,16519 9
114,39120 3
114,42263 8
116,23998 10
116,32727 6
116,43165 10
117,19091 9
117,19992 5
117,41440 9
120,30442 5
121,2505 12
121,6160 7
124,19999 12
124,20575 7
124,45764 12
125,30045 8
126,12249 10
127,2527 12
127,26366 8
127,40658 8
127,48379 2
131,9144 10
131,25737 6
131,33233 5
133,25727 10
133,27080 3
134,243 6
134,7918 8
134,9174 11
134,16993 10
134,28899 8
134,29867 6
134,43119 9
134,43120 5
134,43128 4
134,43129 12
134,43130 6
134,43131 12
134,43132 12
134,43139 3
2680,43146 6
8804,43147 8
2031,43150 2
43134,43151 1
2027,43156 4
1673,43164 2
17046,43166 5
2682,43174 11
2044,43177 9
43149,43178 1
8536,43180 10
17070,43183 4
13565,43187 5
1404,43188 8
19275,43192 2
16869,43194 2
8670,43195 4
1808,43203 3
8501,43205 3
2495,43208 11
6162,43209 12
5640,43211 3
17046,43217 8
17046,43220 9
43163,43221 8
17330,43225 2
40319,43227 1
16893,43229 5
2658,43231 8
12154,43233 5
43153,43239 11
17048,43240 1
2257,43243 10
5329,43245 12
28736,43246 4
15368,43250 12
7177,43252 10
161,43264 10
2680,43266 4
4033,43267 11
6117,43269 9
7918,43270 11
2687,43272 9
43269,43273 3
8348,43275 4
6032,43277 8
1685,43278 10
43286,43405 1
16972,43287 12
9146,43290 6
161,43292 12
6117,43295 5
210,43298 12
12344,43302 3
18039,43305 7
2680,43306 6
8501,43308 2
1694,43311 1
18621,43317 4
243,43321 9
9637,43323 5
3743,43324 2
138,43328 12
16630,43329 4
8270,43330 7
4935,43334 10
22268,43336 5
43334,43337 1
815,43338 7
2687,43339 5
23079,43340 3
6214,43343 6
22091,43344 4
6168,43345 9
2680,43348 7
8531,43350 5
35004,43351 1
371,43352 10
43136,43353 3
8501,43356 5
3736,43357 9
12004,43358 5
3150,43360 11
1388,43361 3
43163,43364 1
6117,43367 8
8501,43369 10
7459,43370 4
43157,43374 2
135,19095 4
138,43584 3
142,42960 8
143,35747 4
144,16612 6
146,25695 3
146,25696 2
146,25702 4
146,25703 3
146,25704 10
146,25706 9
146,25715 5
146,25719 6
146,25721 1
146,25722 5
146,25729 3
146,25731 3
147,34106 5
147,45402 4
150,20457 12
151,27387 8
154,5662 9
154,24371 5
154,44384 9
158,218 7
158,16988 6
158,29766 8
158,43592 5
158,45516 7
160,11876 2
160,44483 11
161,18968 10
161,19416 6
161,44798 11
167,9663 8
168,1849 7
168,7788 4
168,17311 11
169,17006 6
171,9849 10
171,39057 9
95,175 1
95,176 6
95,177 4
180,12964 11
180,24917 11
182,187 3
95,183 4
184,40037 5
185,4055 9
188,21425 3
189,5174 7
190,33064 10
190,43723 5
191,16513 9
95,194 11
195,18842 9
196,15557 11
197,19973 0
199,526 0
199,27453 7
122,200 1
201,8044 0
201,28608 11
202,627 1
202,3453 9
202,3460 4
202,3461 3
202,3462 5
202,3464 6
202,3465 1
202,3467 2
202,3468 2
202,3469 6
202,3472 10
202,3475 9
202,3477 1
202,3484 2
202,3488 9
202,3489 5
202,3490 10
202,3491 8
202,3492 4
202,3495 4
202,3498 2
202,3499 9
202,3502 1
202,3504 5
202,3506 9
202,3507 3
202,3509 4
202,3511 3
202,3512 11
202,3516 7
202,3517 2
202,3519 9
202,3520 6
202,3522 3
202,3528 9
202,3532 4
202,3533 3
202,3534 7
202,3535 5
202,3536 8
202,3538 8
202,3539 2
202,3540 10
202,3543 5
202,3545 6
3557,6875 6
3562,33624 2
2689,3563 8
3564,48912 2
204,20090 8
204,40959 12
204,42221 9
204,49954 7
206,8859 3
207,24902 9
208,13987 10
151,209 4
210,16946 9
210,43391 10
216,26402 1
219,5803 0
219,28137 10
219,44630 4
220,2591 7
222,10373 11
222,10486 4
222,25983 5
223,2972 11
223,7252 10
223,20406 8
223,22125 6
223,24847 10
223,25072 8
223,28202 8
223,28208 7
223,28209 2
223,30283 7
223,39159 5
223,42394 5
223,42512 2
223,49866 11
146,226 2
226,44455 2
229,4829 5
229,7021 9
229,8615 11
229,10869 12
229,10876 12
229,14328 8
229,21428 3
233,9093 8
236,42614 9
239,2169 0
239,16911 12
239,16919 10
239,16932 9
239,16938 8
239,16956 6
239,16969 8
239,29737 9
239,45855 9
242,5939 8
242,12929 12
242,16404 10
242,23079 11
242,30286 10
242,34023 10
242,38935 11
242,40422 12
242,45322 4
242,46081 8
246,251 9
246,252 7
246,255 5
246,262 2
246,268 2
246,276 5
246,278 11
250,26097 9
251,16803 6
251,35104 5
252,37966 10
254,279 5
254,8930 8
254,40324 5
254,43029 2
265,13606 9
266,49419 11
269,24097 9
270,38160 7
273,9562 9
273,19536 12
280,281 1
280,287 9
280,289 7
280,291 12
280,292 8
280,295 6
280,296 2
280,297 5
280,298 10
280,299 12
280,308 2
282,32757 11
282,32765 11
282,40832 9
283,38017 6
283,40243 10
283,43088 10
284,22977 9
284,48453 12
285,14764 10
285,46766 12
285,48458 7
286,40649 7
291,11247 8
293,43434 6
295,19586 8
295,27925 7
297,1808 8
300,40278 10
302,16113 2
304,29488 5
310,28708 8
310,28715 9
310,28735 7
310,29294 5
280,314 1
317,318 1
318,475 2
319,16751 1
319,20779 11
319,20781 11
319,20783 4
319,20785 3
319,20788 4
319,20791 8
319,20796 5
319,20801 6
319,20802 4
319,20803 10
320,9016 3
320,9017 3
320,9019 6
320,9020 3
320,9021 3
320,9022 2
317,321 9
317,322 1
325,17621 3
325,17630 2
325,17632 4
326,327 6
326,328 9
326,331 5
326,332 10
326,333 3
326,334 1
329,43040 4
336,344 4
336,345 2
336,353 2
336,355 3
336,357 3
336,359 7
336,361 7
336,365 2
336,369 3
336,374 2
336,380 10
336,386 6
336,389 2
337,30344 3
338,16442 11
338,23487 9
338,26321 6
338,42718 12
338,42740 9
338,43463 12
338,43966 3
339,858 9
339,7916 5
339,9620 7
339,10812 8
339,12587 5
339,21874 12
339,31224 6
339,33424 11
339,39182 6
339,41169 3
340,1270 9
340,24017 10
340,30315 12
343,822 5
343,4808 9
343,7440 4
346,29768 5
349,4298 4
349,5121 6
349,47611 12
351,9395 7
351,10889 6
351,12663 11
351,30695 12
351,45111 12
352,12614 3
352,31336 12
353,13570 8
354,27510 6
358,11216 2
358,12200 2
362,21165 7
362,30589 6
362,31340 7
363,5137 12
363,10544 12
363,13615 3
363,29604 10
364,25761 7
366,9208 5
366,30272 12
366,46111 10
367,23115 7
368,685 6
368,27051 11
368,41414 12
368,42363 10
371,682 5
371,719 5
371,23967 9
371,47659 4
375,22332 10
376,4779 8
377,671 10
377,21525 6
379,41685 5
380,1346 11
380,13568 6
380,42484 10
381,1977 12
381,36572 11
383,21524 4
384,36610 8
384,47464 10
385,658 7
385,706 2
385,2833 7
385,21533 4
385,36620 5
393,21542 6
394,12798 11
336,396 4
398,400 5
398,402 9
399,408 10
399,410 7
401,17374 11
401,17377 4
401,17378 10
401,17379 11
405,10508 7
411,412 0
411,44900 3
415,416 0
415,418 11
415,424 3
415,427 5
415,428 4
415,430 1
415,435 2
433,29770 8
437,441 7
437,443 6
437,445 1
437,447 8
438,9473 10
438,46800 11
441,1183 9
442,21222 12
442,24234 11
450,13803 10
450,20214 7
450,46072 11
450,46268 10
451,25049 3
452,7358 7
452,11724 7
453,26215 9
454,13878 11
454,34331 10
454,45132 10
454,45178 6
456,38721 5
457,18594 7
457,29250 12
458,22264 12
437,459 4
459,16523 5
437,460 2
437,461 4
462,463 2
462,464 6
462,470 2
472,37983 11
472,38022 9
472,38023 8
477,478 0
479,8904 3
479,8905 3
479,8906 1
479,8908 10
479,8911 5
479,8916 3
479,8917 7
479,8919 6
479,8920 1
482,483 0
482,487 2
482,488 6
482,489 2
482,491 4
482,494 3
482,500 1
482,504 6
482,505 6
482,508 6
482,509 3
482,510 2
482,511 2
482,512 6
482,513 3
482,514 2
482,515 4
482,517 2
482,518 10
482,520 5
482,521 4
483,29966 2
483,36321 4
484,7848 8
484,12418 11
484,32504 12
486,13441 4
486,22548 8
488,17249 9
490,22514 6
492,7764 7
492,37992 11
495,38393 11
495,40241 8
498,38155 8
501,25389 7
501,25396 10
501,39814 6
501,39832 12
501,39863 4
502,8364 8
502,31228 2
504,33243 7
512,31160 8
512,44710 4
518,10927 2
518,15411 8
518,42930 2
522,524 8
522,530 2
522,532 6
522,537 6
522,538 8
522,539 1
522,540 8
522,561 7
522,567 5
522,571 6
522,582 12
522,583 5
522,584 7
522,585 1
522,586 7
522,589 10
522,592 4
522,596 6
522,600 12
522,602 9
522,614 11
522,617 9
522,619 10
522,620 3
525,42489 6
525,43457 7
525,48330 4
526,27071 3
529,13130 5
529,24616 8
529,35132 8
529,35134 10
533,28146 7
533,40480 5
534,30636 12
535,36507 10
536,14516 3
536,29131 4
538,47176 4
540,10278 10
541,3200 8
542,47499 8
543,13816 9
543,25208 8
543,45200 9
543,47470 8
543,48880 9
544,7524 5
544,27830 8
544,42938 3
545,21443 9
547,42215 2
548,10465 2
548,13218 9
548,46331 9
550,10313 8
550,11644 8
550,13543 4
550,24386 11
550,27828 10
550,47706 8
551,6325 7
551,14788 9
552,39666 11
553,22560 12
554,7502 3
554,15740 8
554,38920 5
556,752 3
556,29630 5
556,31815 4
556,43568 12
556,43652 2
557,972 7
557,9818 9
557,24144 12
557,41709 9
558,2285 6
558,16372 8
558,16376 11
558,17670 11
558,35850 7
559,9266 2
559,14507 8
559,14522 10
559,14543 10
559,14546 7
559,14551 8
559,14557 11
560,630 2
561,38714 3
562,36653 12
566,2398 12
566,3366 11
566,13297 11
566,15461 2
566,15462 7
566,15872 8
566,18111 3
566,23241 8
566,26125 8
566,36616 12
566,48500 8
566,49380 12
566,49444 12
568,16411 3
568,40414 12
569,5668 9
569,23226 6
572,13204 9
572,30869 3
572,49420 3
574,17366 7
574,31941 8
575,6335 6
575,8007 6
575,9797 12
575,12671 12
575,14877 12
575,15331 11
575,15348 11
575,15752 12
575,21776 9
2136,27804 10
5995,46010 4
576,3746 6
576,8338 10
576,10397 2
576,11451 6
576,11810 7
576,13506 8
576,13516 5
576,13922 12
576,14099 7
576,14535 10
13460,15140 9
15140,15147 2
13257,16454 3
13257,16461 3
16325,19929 7
21619,21631 2
7882,24161 11
8468,26113 9
4112,26118 10
4840,26145 10
27394,27428 1
27394,27472 4
6151,27765 5
29719,29755 6
8159,29788 12
4922,29861 4
14947,30082 12
5440,30146 7
7216,30824 11
2928,31394 4
3586,33673 7
18220,34966 2
4270,36606 12
1212,38132 12
15715,41712 9
11654,43012 4
3576,46114 6
3878,47482 12
4934,47672 7
47878,47952 9
1081,49538 7
578,18640 11
578,35704 7
579,636 10
579,12518 8
579,17368 12
579,18457 10
579,27050 4
581,4205 12
582,24027 12
582,26565 7
582,30884 7
584,44498 6
588,16434 9
589,16400 11
591,42471 11
593,5993 8
594,4148 4
595,15859 5
602,5974 10
605,22276 6
610,29690 7
612,16438 6
612,16445 10
612,16458 6
612,16460 7
614,3242 5
614,12502 6
615,633 2
615,2282 12
615,29275 11
616,12309 10
616,17460 4
616,32640 5
617,44611 10
619,13492 4
621,639 6
621,13556 5
621,18811 9
621,18882 8
623,14155 12
623,20950 7
623,41397 6
624,5901 6
624,8149 5
624,9509 9
624,25777 6
624,44882 4
626,41481 1
626,45286 10
628,26841 11
628,31946 5
628,33509 10
629,13831 5
629,35594 10
631,43428 2
634,12115 3
634,22581 5
634,22582 8
636,42829 6
637,9436 10
637,30326 7
637,43023 7
638,3893 10
638,16520 6
638,20448 6
638,34376 11
638,35773 12
642,643 11
642,645 11
642,649 8
642,652 12
642,653 10
656,657 0
656,669 3
656,675 4
656,683 11
656,689 10
656,691 7
656,694 9
656,701 3
656,703 2
656,707 1
656,709 2
656,711 3
656,714 12
656,715 3
656,716 4
656,717 1
656,721 2
656,723 1
656,724 4
656,729 3
656,733 6
656,736 5
656,737 4
656,738 5
656,741 5
656,756 4
757,7427 2
680,760 4
763,16280 2
759,764 3
765,827 0
672,766 7
696,769 1
772,803 0
677,773 4
777,806 1
776,781 2
784,24219 2
695,786 3
698,790 3
689,792 6
745,799 1
800,6613 0
690,805 4
693,806 4
726,808 1
809,12739 0
811,4516 5
816,24223 1
818,29638 0
659,17030 5
660,20306 8
661,42666 11
661,42669 12
663,3729 11
666,23037 7
669,5753 3
671,29712 7
674,7184 12
675,7436 7
676,13593 3
679,43557 11
680,7270 12
680,20035 5
680,28254 12
686,26156 11
689,1338 5
689,1340 5
689,1341 4
695,18820 11
702,20038 7
703,31406 4
708,10069 2
711,14635 2
713,834 2
713,4020 6
713,31956 4
713,40341 9
716,45368 7
726,36594 7
727,14816 9
727,20917 11
728,7434 11
728,21534 7
737,6340 2
739,24196 7
741,24214 10
741,48228 11
745,1633 10
748,17099 12
749,825 5
750,12179 10
750,29626 10
751,9900 6
758,17102 4
758,22522 5
758,29609 3
758,36627 7
762,9961 12
762,24233 8
762,24282 7
767,17094 10
771,14442 9
772,24231 8
774,24224 7
784,42944 4
788,24443 12
788,41882 7
795,24220 9
795,40727 5
807,8392 1
807,26884 12
807,31938 3
807,38007 12
812,17599 7
815,4926 3
815,7443 4
821,3845 12
821,12543 2
821,19965 7
821,24563 12
821,42299 12
821,45044 2
822,7306 3
831,31082 12
831,31120 6
759,833 2
836,23967 1
807,838 9
839,841 8
839,848 8
839,849 1
839,852 5
852,30987 5
853,854 0
854,20876 11
854,30418 3
854,41092 4
855,39472 9
853,856 5
856,47547 8
853,857 11
857,36346 7
853,859 4
859,39435 12
860,862 2
864,874 11
880,881 1
882,883 6
882,888 5
882,891 11
882,895 3
882,896 5
882,899 10
882,901 5
882,902 5
882,904 9
883,10845 11
883,16819 5
884,5337 7
886,32656 10
887,4620 10
888,41941 3
889,16820 6
889,42785 9
891,4623 12
896,907 2
896,13784 7
897,8897 9
897,13764 9
897,47080 4
906,7401 6
906,7406 4
909,13525 8
909,17990 11
909,24977 11
909,24985 10
909,26901 11
909,26907 3
909,26909 8
909,26914 1
909,26915 2
909,26916 5
909,26917 2
909,26919 4
909,26922 3
909,26925 5
909,26930 5
909,26931 4
909,26933 1
909,26937 2
909,26938 6
909,26939 8
909,26940 1
909,26941 1
909,26943 2
910,22512 7
910,39928 10
910,41812 6
910,41814 2
910,41815 7
910,41819 2
910,41821 4
910,41831 5
910,41832 1
910,41839 3
910,41841 4
910,41845 4
910,41846 3
910,41847 6
910,41849 4
910,41852 2
910,41856 4
910,41860 2
910,41863 1
910,41864 4
910,41865 1
910,41866 3
910,41867 8
910,41869 2
910,41871 2
910,41873 3
910,41878 5
910,41879 3
910,41881 2
910,41883 4
910,41890 2
910,41896 4
41873,41897 3
23279,41898 12
24338,41911 9
9892,41915 4
10066,41917 1
6978,41927 2
41250,41928 5
39370,41934 1
39337,41938 2
13290,41939 7
27536,41943 4
41862,41945 4
7716,41946 6
27655,41947 1
16835,41952 3
35411,41956 1
36768,41957 2
911,922 5
911,923 8
913,40639 8
916,33334 6
916,39488 10
917,39520 5
917,39531 12
917,39536 8
917,39560 12
918,30946 3
918,30947 12
918,30950 10
918,30955 5
918,30959 7
918,30963 12
918,30965 1
918,30971 7
918,30975 4
918,30978 3
918,30979 9
918,30980 8
918,30981 11
918,30983 11
918,30989 2
918,30994 2
918,30997 1
918,30998 2
918,30999 9
918,31002 2
918,31004 4
918,31007 6
918,31008 2
918,31009 1
918,31011 8
918,31016 8
6691,31019 9
11139,31020 1
31005,31022 4
919,31028 7
11791,31031 6
24208,31037 4
920,31039 7
20191,31040 4
3731,31041 3
919,1247 7
920,31050 8
924,925 0
439,926 7
926,45881 7
927,928 0
929,33266 4
929,49925 9
927,931 1
932,16147 12
934,935 0
934,936 4
934,937 9
934,938 1
934,939 4
934,940 2
934,942 11
934,943 7
934,945 6
934,946 1
934,949 2
934,955 3
934,957 5
934,959 3
934,960 5
934,963 3
934,968 1
934,969 2
934,976 1
934,977 1
934,979 2
934,980 5
934,984 2
934,988 4
934,989 7
934,990 2
934,991 2
934,992 1
934,993 2
934,994 1
934,996 3
934,998 3
934,1002 8
934,1003 1
934,1004 5
934,1006 1
934,1016 3
934,1019 4
934,1022 9
934,1023 5
934,1025 5
1038,27564 1
951,1040 6
951,1041 11
987,1047 2
1013,1048 5
937,10183 4
942,27256 10
951,18312 12
951,32459 6
951,32460 6
951,32465 2
952,42395 2
959,34489 3
965,34945 7
967,24816 2
967,24821 5
972,16420 5
973,26809 12
973,26952 9
973,33399 4
975,2916 8
975,15311 5
975,19066 7
975,32632 8
975,44343 8
983,28942 7
983,43392 4
989,33643 12
995,5475 9
995,24407 5
995,32014 11
995,32510 9
997,26978 7
999,39862 8
1000,23067 10
1000,24629 11
1000,38691 11
1001,1915 9
1001,34685 8
1001,41698 6
1002,43824 11
1010,34175 4
1013,4917 11
1013,4930 8
1013,15286 9
1013,47423 8
1019,11539 12
1022,40045 8
1023,1258 4
1031,15220 10
1053,21554 1
1060,1080 2
1061,2409 10
1061,29287 9
1064,1066 1
1064,1068 4
1064,1072 3
1064,1074 1
1078,1079 2
1078,1082 3
1078,1086 1
1078,1089 4
1078,1095 4
1078,1097 3
1078,1098 2
1078,1101 7
1078,1102 3
1078,1104 1
1078,1107 3
1078,1112 5
1078,1120 10
1078,1121 9
1078,1122 9
1078,1124 3
1078,1125 10
1078,1126 5
1078,1127 8
1078,1131 9
1078,1132 9
1078,1133 8
1078,1138 7
1078,1140 8
1078,1144 3
1078,1145 6
1078,1146 5
1078,1149 3
1080,20144 4
1083,40065 3
1083,48358 5
1084,21834 10
1084,41726 10
1085,1856 9
1090,40362 2
1092,33182 2
1093,49713 6
1099,2649 8
1099,27060 12
1099,35040 10
1099,39920 8
1101,26217 6
1106,12244 6
1113,2431 6
1113,29796 5
1114,27544 10
1114,28709 3
1114,39107 3
1115,27612 6
1129,33364 4
1135,36548 9
1137,1180 12
1137,5207 4
1137,8877 11
1137,25816 8
1137,25832 8
1137,25835 7
1137,34058 8
1137,34866 10
1137,43786 6
1137,44744 11
1139,5537 11
1141,5664 10
1141,5679 11
1147,45920 3
1148,33508 3
1148,42893 6
1150,21787 7
1078,1152 1
1155,1353 6
1155,1547 2
1155,24544 5
1156,1160 4
1156,1161 3
1156,1163 8
1156,1164 10
1156,1166 8
1156,1168 1
1156,1171 3
1156,1172 4
1156,1174 7
1156,1176 5
1156,1177 9
1156,1178 9
1156,1179 8
1156,1188 4
1156,1190 3
1156,1191 7
1156,1192 2
1156,1193 3
1156,1194 7
1156,1197 5
1156,1198 9
1156,1206 3
1156,1207 11
1156,1208 1
1156,1209 8
1156,1210 5
1156,1217 2
1156,1219 3
1156,1221 4
1156,1226 7
1161,45574 6
1175,23688 7
1181,38341 8
1181,45366 11
1186,29214 10
1186,30561 12
1186,40783 10
1192,29193 2
1196,2069 7
1196,3038 4
1196,12369 9
1196,23552 12
1201,23481 7
1216,24989 11
1216,33371 7
1216,41549 1
1230,18965 3
1230,30455 12
1230,33383 6
2919,43421 5
3236,45119 9
1156,1231 1
1232,20821 8
1233,20576 6
1233,49688 7
1234,36074 11
1235,1236 0
1235,1239 3
1235,1240 4
1235,1248 6
1235,1251 3
1237,1257 3
1237,14387 3
1237,15530 7
1238,2225 5
1242,21571 11
1243,2840 7
1244,10399 7
1244,14269 12
1244,24091 12
1245,38836 7
1245,43895 5
1247,19592 2
1248,1252 5
1248,34234 12
1249,15324 7
1250,24062 8
1250,24157 9
1235,1254 1
1255,1875 7
1255,5268 7
1255,19165 4
1255,24898 4
1258,29893 5
1258,47594 6
1235,1260 5
1260,33218 5
1263,15339 6
1264,13682 10
1266,1272 6
1272,1281 2
1272,1282 2
1273,1278 5
1273,27912 8
1266,1274 5
1266,1275 6
1276,10728 8
1266,1277 3
1278,1287 7
1280,1283 7
1280,8014 9
1280,19149 11
1283,19151 6
1284,1291 9
1284,1298 8
1285,33491 7
1290,11255 4
1295,1306 4
1296,1314 4
1299,1310 3
1301,5667 9
1301,7517 8
1301,7518 5
1301,7519 4
1301,7526 9
1301,7538 4
1301,7544 3
1301,7548 2
1301,7552 2
1301,7554 2
1301,7556 4
1301,7558 5
1301,7560 7
1301,7561 1
1301,7562 6
1301,7573 4
1301,7574 7
1301,7575 2
1301,7576 2
1301,7578 2
1301,7580 12
1301,7585 3
1301,7587 3
1301,7589 4
1301,7591 3
1301,7597 4
1301,7598 4
7606,12026 1
7610,7632 0
4126,7614 0
7616,11336 7
3094,7617 10
5444,7618 3
7541,7620 3
7621,7625 0
7574,7622 2
7627,26071 0
5681,7633 9
5681,7640 11
7642,22081 3
7513,7643 1
7645,12768 7
7609,7646 9
7648,13326 2
5681,7655 5
7617,7657 8
5681,7659 2
7664,16470 2
2199,7668 11
5353,7669 4
7676,38962 2
7677,7681 9
3407,7682 1
3937,7685 11
7686,23251 2
7633,7692 9
1307,30621 8
1317,1318 1
1317,1319 4
1317,1325 4
1317,1328 5
1317,1329 10
1317,1330 3
1317,1333 9
1317,1335 5
1317,1339 7
1326,9374 10
1328,26292 11
1329,2515 8
1329,43378 3
1333,1345 5
1346,21551 4
1347,1348 3
1347,1361 6
1347,1370 8
1347,1372 1
1347,1391 4
1347,1401 4
1347,1411 8
1347,1418 8
1347,1420 5
1347,1439 6
1382,1449 8
1349,1452 5
1348,47820 3
1349,35756 4
1350,33665 6
1350,35618 7
1350,40984 4
1351,6128 7
1354,32362 11
1354,32376 2
1354,32377 8
1354,32414 6
1354,32452 6
1354,33753 12
1354,48220 5
1355,19558 4
1355,19567 7
1355,49661 8
1357,17903 7
1357,19156 7
1357,30308 4
1357,34084 9
1357,44859 9
1359,27562 9
1359,44878 2
1360,17515 4
1362,13360 2
1362,29308 8
1365,33193 12
1366,49588 4
1367,40366 9
1369,5267 11
1369,32536 12
1370,17271 4
1370,33202 7
1371,44001 11
1371,44010 5
1373,32351 2
1373,32384 8
1375,15516 7
1375,15524 9
1376,5406 9
1376,32086 10
1376,32089 12
1378,7792 10
1378,41148 3
1378,42156 8
1378,45292 10
1378,45334 7
1379,31797 3
1383,12635 9
1383,35711 11
1384,1493 11
1388,13044 6
1388,17581 9
1388,20193 6
1388,39941 4
1388,40603 8
1388,40648 11
1388,40679 12
1388,41302 8
1388,41398 3
1392,32370 9
1392,32371 7
1392,32432 2
1392,32449 1
1392,41015 2
1394,49495 8
1396,7782 5
1397,17798 6
1401,48404 6
1403,5400 6
1403,36155 7
1404,1928 12
1404,2003 12
1404,10369 9
1404,11176 10
1404,12436 6
1404,12909 8
1404,17985 7
1404,22930 9
1404,23025 10
1404,23048 5
1404,37986 3
2041,48511 10
49774,49784 10
1406,10925 3
1406,37886 11
1406,41339 5
1409,15855 9
1409,17553 5
1409,29114 4
1409,40566 12
1415,15790 10
1416,47217 6
1417,30188 8
1417,30189 8
1417,38849 10
1417,39038 5
1417,39747 8
1418,40274 8
1419,38224 8
1420,41119 3
1428,24408 10
1428,31238 7
1429,28669 6
1431,3009 6
1431,7028 8
1431,10658 11
1431,24300 8
1431,34967 6
1431,39842 4
1431,40690 9
1431,41042 5
1431,41283 6
1431,44349 3
1433,20476 7
1433,40035 12
1433,40337 8
1436,15253 6
1436,24732 6
1437,48409 5
1438,17565 12
1438,23895 7
1438,32812 5
1439,23790 6
1441,40886 6
1444,5375 9
1445,7820 9
1445,17323 6
1445,23713 7
1446,1514 8
1448,7002 10
1449,27614 8
1450,13008 12
1450,38026 10
1450,41068 5
1450,43937 6
1450,48299 4
1452,3251 2
1453,2520 7
1453,14589 6
1453,40645 7
1455,25270 10
1456,1472 9
1458,3583 6
1458,5292 3
1458,10184 3
1458,42385 11
1458,45909 4
1464,22210 0
1480,21430 0
1484,40097 4
1485,40692 12
1486,47830 2
1488,1490 3
1488,1491 8
1488,1492 5
1488,1494 3
1488,1496 3
1488,1497 12
1488,1501 3
1488,1503 5
1488,1508 2
1488,1509 3
1488,1517 6
1488,1522 6
1489,6112 7
1489,17680 12
1489,30021 7
1489,32443 3
1489,48420 6
1491,29403 5
1495,19126 3
1497,1526 6
1497,32154 5
1501,42076 11
1507,29919 5
1507,38020 10
1511,5625 9
1515,24143 7
1516,14758 2
1517,32401 12
1520,3306 7
1520,3835 11
1520,6655 10
1520,6669 12
1520,12568 9
1520,18346 5
1520,34910 8
1520,39474 10
1520,39517 7
1520,40411 4
1520,40720 9
1520,45397 11
1520,48489 7
1521,16344 4
1521,16346 8
1521,16349 8
1521,16362 8
1521,16367 6
1521,17650 7
1521,17655 8
1521,17662 9
1521,17665 10
1521,17667 2
1521,17668 3
1521,17672 4
1521,17673 3
1528,33179 2
1528,37205 8
1529,2847 12
1529,34828 12
1534,1536 9
1534,1541 3
1534,1542 2
1534,1544 3
1534,1546 11
1534,1548 4
1534,1549 12
1534,1552 4
1534,1558 3
1534,1560 9
1534,1563 8
1534,1576 6
1534,1582 3
1534,1585 5
1534,1587 3
1534,1589 8
1534,1597 2
1534,1598 2
1534,1601 4
1534,1607 5
1534,1608 8
1534,1611 3
1534,1615 5
1534,1619 1
1534,1620 7
1534,1621 1
1534,1624 1
1534,1626 2
1534,1627 1
1534,1628 5
1534,1631 1
1550,1635 10
1550,1636 9
1366,1638 6
1639,6115 0
1620,1640 5
1638,1644 2
1562,1646 2
1535,38146 7
1535,38171 5
1536,5050 10
1539,24865 2
1540,26235 8
1540,42326 5
1540,42327 4
1544,1847 9
1550,13337 12
1560,49998 10
1563,13339 7
1563,13350 8
1563,31312 6
1571,9575 5
1581,41779 4
1583,36065 7
1595,42253 8
1600,8781 2
1601,27624 10
1602,28574 11
1605,39229 4
1605,40982 3
1608,11150 6
1608,41019 6
1609,28042 6
1614,33570 8
1615,49176 4
1617,14745 2
1625,49277 4
1629,32842 11
1633,40815 11
1637,24265 12
1639,27764 6
1642,26951 8
1642,33260 5
1642,33314 9
1642,33342 2
1642,36415 5
1642,41552 10
1648,1650 1
1648,5932 2
1648,33560 4
1651,35743 9
1655,2915 3
1657,1675 7
1657,1682 6
1657,1684 1
1660,19445 3
1661,15390 11
1661,33323 7
1663,1713 10
1664,26870 11
1665,14433 2
1668,5640 4
1668,31407 7
1668,48327 8
1669,1723 9
1669,1727 7
1670,43460 4
1675,1721 8
1675,1730 8
1677,27654 10
1677,40043 7
1677,41651 3
1677,47750 5
1678,8126 3
1680,5206 9
1680,8542 8
1680,14440 6
1680,17569 9
1680,41086 3
1680,45433 10
1680,49653 10
1681,28021 10
1685,28833 9
1685,43544 3
1689,14740 11
1689,45010 4
1692,27324 7
1692,31301 8
1692,32060 11

*** WARNING: skipped 390726 bytes of output ***

2204,18317 8
2205,43059 8
2207,33837 3
2210,43005 6
2219,2311 7
2220,43971 10
2222,13097 7
2223,2920 8
2223,2926 8
2233,27385 10
2238,42962 5
2246,29323 5
2246,29330 3
2249,11565 8
2249,11697 12
2249,12693 11
2249,12708 8
2249,12709 9
2249,12718 6
2249,12721 4
2249,12737 10
2249,12738 7
2249,12741 9
2249,12747 4
2249,12753 8
2249,12755 9
2249,12757 7
2249,12761 3
2249,12762 2
8436,12767 10
5567,12777 6
10268,12778 9
4070,12785 9
4036,12786 6
11220,12789 5
5568,12796 6
12734,12802 2
12743,12803 5
12804,13156 6
7482,12809 3
12732,12810 3
12815,14277 4
12733,12816 2
12707,12824 1
8443,12827 5
5373,12829 9
12828,12830 2
12760,12832 5
2255,2299 1
2285,42490 9
2286,18624 8
2288,4999 3
2190,2298 5
2320,2931 4
2324,35242 12
2328,22746 7
2329,7240 4
2330,2332 5
2330,2336 9
2330,2338 5
2330,2339 10
2330,2341 11
2330,2345 10
2330,2347 9
2330,2354 3
2330,2358 4
2330,2366 12
2330,2368 4
2330,2369 5
2330,2372 2
2330,2373 2
2330,2374 3
2330,2377 11
2330,2378 6
2330,2380 1
2330,2386 2
2330,2388 8
2330,2391 1
2330,2401 8
2332,38682 3
2334,10262 8
2334,15678 10
2334,21820 7
2335,32464 4
2337,48898 11
2341,32397 6
2346,29407 11
2346,29413 6
2348,32392 7
2348,32400 8
2352,32421 7
2352,33526 4
2353,11666 3
2370,45089 9
2378,28321 9
2378,41518 11
2379,21810 4
2379,21828 12
2388,2824 10
2389,4737 10
2393,21830 4
2403,21805 8
2403,21813 4
2403,21827 3
2403,21829 4
2403,21832 3
2403,21833 5
2403,21839 6
2330,2404 1
2406,2408 2
2406,2419 6
2406,2420 2
2406,2423 3
2406,2424 8
2406,2425 4
2406,2428 3
2406,2429 2
2406,2433 1
2406,2435 1
2406,2436 4
2412,40580 6
2412,45928 5
2413,14299 4
2413,16656 12
2413,29491 12
2413,46600 9
2414,33646 7
2416,41080 3
2417,2440 9
2418,31139 9
2426,24919 12
2427,14280 11
2431,15970 4
2440,43404 9
2406,2441 2
2441,20204 12
2442,5639 12
2443,43441 6
2444,24099 9
2406,2445 7
2406,2450 1
2406,2452 2
2453,2457 2
2453,2461 8
2453,2464 9
2453,2471 1
2453,2472 6
2453,2475 10
2453,2478 8
2453,2480 1
2454,33739 3
2455,2483 9
2474,17049 4
2483,22637 11
2484,2485 2
2484,2486 6
2484,2488 7
2484,2489 3
2484,2490 9
2484,2491 10
2484,2494 6
2484,2498 1
2487,11374 5
2487,11679 9
2487,11680 9
2487,11681 10
2487,11685 4
2488,31856 9
2490,14886 2
2490,44909 12
2496,21572 7
2496,40219 9
2496,44333 7
2496,45530 3
2500,2501 0
2501,2566 3
2501,2619 2
2501,2623 10
2501,2504 6
2504,37895 8
2507,35774 2
2509,2510 5
2509,28638 4
2511,43002 8
2501,2512 3
2515,2560 4
2516,15507 7
2516,39114 8
2517,30035 5
2518,2613 2
2519,15368 8
2520,2614 4
2523,20582 5
2523,26394 10
2523,26436 2
2501,2524 9
2524,6299 9
2524,21432 12
2501,2526 2
2527,2633 2
2501,2529 3
2501,2531 3
73,2533 3
2534,2546 7
2534,2579 4
2534,33812 10
2535,6315 10
2535,8190 7
2535,30147 6
2535,40446 5
2501,2539 2
2540,5285 5
2540,19118 8
2501,2542 8
2544,2550 9
2544,2616 4
2544,31370 10
2544,43690 5
2545,30150 10
2550,35158 11
2550,35171 4
2551,2624 4
2551,44770 8
2501,2553 2
2554,42564 6
2555,34822 4
2501,2556 2
2557,20147 11
2557,20299 12
2557,27537 7
2557,47171 4
2557,49727 4
2558,27742 7
2558,32507 12
2558,37253 11
2501,2559 8
2559,4781 9
2559,9478 4
2561,22980 7
2563,19017 10
2565,13128 8
2565,21720 2
2565,33547 9
2565,35485 9
2501,2567 7
2568,26094 10
2501,2570 2
2501,2571 1
2572,19084 8
2501,2573 2
2576,33493 5
2576,44880 12
2501,2577 3
2501,2578 1
2579,12981 9
2583,4733 6
2585,12059 9
2501,2587 1
2588,11409 5
2588,13980 9
2588,34254 7
2588,34532 11
2588,45137 4
2588,45169 10
2501,2589 2
2501,2592 1
2501,2593 1
2501,2594 1
2501,2596 7
2596,2611 7
2501,2597 8
2597,20748 3
2597,28059 10
2601,2631 2
2601,7737 5
2602,33134 6
2603,12639 9
2603,20264 10
2606,3795 3
2606,7924 10
2606,24795 5
2606,41430 8
2608,3387 3
2608,26483 3
2608,34631 7
2527,2612 2
2615,4781 2
2618,45525 0
2624,2636 2
1220,2626 4
1366,2627 11
2630,2631 2
2560,2634 11
2637,2642 5
2637,2643 3
2637,2653 10
2637,2654 2
2637,2663 6
2637,2664 7
2637,2665 5
2637,2671 7
2637,2673 7
2637,2679 7
2637,2690 7
2637,2693 4
2637,2695 5
2637,2701 10
2637,2705 4
2637,2706 7
2639,24511 6
2640,29792 10
2641,20462 11
2641,34016 8
2644,7756 9
2644,21555 11
2646,36702 3
2648,12191 12
2648,30696 9
2655,29441 8
2657,45016 10
2658,32126 4
2659,24337 7
2659,29247 7
2659,49582 12
2660,9736 5
2662,24945 7
2662,27330 2
2667,2717 4
2667,29518 4
2669,2722 7
2669,12189 2
2669,35437 11
2669,40951 4
2672,35488 11
2675,5176 5
2678,29551 1
2678,37447 9
2680,29773 3
2680,29777 10
2680,42963 7
2680,44385 11
2682,17754 4
2682,43387 6
2684,7786 7
2684,29259 5
2686,14359 11
2687,24580 8
2687,29493 8
2689,10418 5
2689,25155 2
2689,29428 8
2689,29431 10
2689,29433 2
2689,29437 3
2689,29442 4
2689,29450 5
2689,29451 11
2689,29466 4
2689,29474 2
2689,29476 4
2689,29477 5
2689,29482 9
2689,29492 3
2689,29494 11
2689,29496 4
2689,29499 6
2698,29557 1
2694,13153 12
2694,17357 12
2694,24107 10
2696,41555 8
2698,16717 6
2698,26897 9
2698,43102 4
2699,19040 9
2699,20041 8
2703,14955 11
2704,32823 7
2708,29522 1
2711,18157 2
2711,22269 3
2711,28535 11
2711,38909 3
2712,24681 7
2714,10289 5
2714,41547 8
2637,2715 8
2716,26356 11
2720,24879 6
2720,28930 4
2720,29510 3
2720,40445 4
2723,2724 0
2723,2726 2
2727,2728 4
2727,2729 6
2727,2730 11
2730,2741 6
2730,2743 3
2727,2734 3
2735,2736 4
2735,2738 5
2735,2739 11
2739,15967 11
2739,19514 5
2744,35196 9
2727,2745 2
2747,2748 9
2747,2749 7
2747,2750 7
2747,2751 6
2747,2753 2
2747,2756 3
2747,2757 7
2747,2759 6
2747,2761 2
2747,2763 1
2747,2764 8
2747,2765 4
2747,2767 5
2747,2769 5
2747,2772 1
2747,2776 1
2747,2777 3
2747,2780 2
2750,23952 10
2754,5073 9
2762,13977 4
2773,11202 10
2773,48780 12
2775,45259 3
2782,2784 7
2782,2787 5
2782,2790 2
2782,2794 3
2782,2800 1
2782,2801 1
2782,2804 1
2786,18103 6
2786,33500 9
2789,35081 4
2791,41768 8
2791,41996 12
2791,43115 12
2793,11129 4
2794,2815 2
2797,10515 8
2797,20611 2
2798,35042 2
2798,35043 12
2798,35051 5
2798,35052 3
2798,35056 1
2798,35061 4
2798,35065 7
2798,35068 2
2798,35069 1
2798,35074 2
2798,35077 8
2798,35084 1
2798,35085 3
2798,35087 7
2798,35088 6
2798,35090 4
2798,35093 1
2798,35094 12
2798,35097 2
2798,35099 7
2798,35100 4
2798,35102 3
2798,35105 10
2798,35106 1
2798,35108 3
2798,35109 1
2798,35114 6
2802,6317 10
2802,12073 10
2802,12280 6
2802,12286 4
2802,13485 10
2802,25869 9
2802,28026 7
2802,39792 8
2802,42536 4
2802,45285 8
2802,45324 3
2802,45411 12
2806,44913 11
2782,2810 1
2813,24500 6
2813,34545 8
2782,2814 1
2816,22902 7
2782,2817 3
2819,22232 4
2820,23191 11
2820,23712 2
2820,43750 5
2820,46206 5
2820,46418 6
2820,47382 12
2821,6792 8
2782,2822 5
2825,31413 3
2825,45625 11
2827,8172 7
2827,14307 5
2827,30158 7
2829,30263 12
2830,10470 5
2830,29060 6
2830,45658 8
2832,2835 6
2832,2837 6
2838,11531 6
2838,46993 3
2841,12526 5
2843,2844 0
2843,2846 11
2843,2850 12
2843,2853 11
2843,2856 4
2843,2858 1
2843,2859 1
2843,2860 7
2843,2863 8
2843,2870 6
2843,2871 5
2843,2872 9
2843,2878 7
2845,2885 4
2847,30780 5
2848,2890 9
2848,23365 8
2849,3967 10
2849,28924 8
2853,2884 5
2855,4900 4
2855,13716 4
2855,16257 11
2855,16662 7
2855,29269 11
2855,38861 12
2860,30204 4
2860,30206 3
2862,13320 10
2862,18518 7
2862,24375 10
2864,2988 7
2864,6087 7
2864,13106 7
2864,21172 6
2864,21179 9
2864,21182 3
2864,21183 5
2864,21184 7
2864,21186 3
2864,21188 5
2864,21194 5
2864,21197 7
2864,21198 5
2864,21203 9
2864,21204 4
2864,21208 5
2864,21213 6
2864,21214 1
2864,21218 2
2864,21220 1
9394,21226 2
7545,21244 7
21245,43119 2
13223,21246 1
8790,21247 3
20379,21250 1
4114,21256 4
20472,21263 6
8790,21265 7
21268,42013 1
3931,21269 3
2865,11030 10
2865,11031 10
2865,11034 6
2865,11036 5
2865,11039 6
2865,11041 5
2865,11042 5
2865,11043 2
2865,11050 5
2865,11052 3
2865,11054 6
2865,11056 6
2865,11057 3
2865,11059 2
2865,11066 11
2865,11067 4
2865,11070 3
2865,11071 1
2866,6781 3
2867,28887 7
2869,31800 10
2869,32253 11
2869,39711 12
2869,40228 7
2882,20085 3
2882,20091 7
2882,20136 9
2843,2883 2
2885,2886 4
2843,2888 2
2889,13416 2
2892,48243 5
2894,2896 4
2894,2899 3
2894,2907 2
2894,2908 5
2894,2909 4
2894,2911 1
2894,2912 4
2894,2913 2
2904,15794 6
2904,17499 7
2904,30009 3
2904,41487 7
2905,23634 8
2906,5024 8
2916,3192 7
2917,10294 12
2917,43430 11
2919,12966 4
2919,24718 2
2920,2921 11
2922,5936 8
2922,11837 6
2922,14276 6
2922,20573 5
2922,46771 12
2922,48369 6
2894,2925 3
2925,18584 11
2928,15325 7
2928,19902 9
2929,2930 3
2929,2932 8
2929,2935 2
2929,2936 2
2929,2937 7
2929,2941 10
2929,2944 10
2929,2945 5
2929,2947 2
2929,2949 10
2929,2950 2
2929,2951 4
2929,2953 4
2929,2954 8
2929,2955 2
2929,2958 1
2929,2961 11
2929,2965 5
2929,2974 12
2929,2981 6
2929,2982 7
2929,2983 7
2929,2985 6
2929,2987 1
2929,2989 3
2929,2991 8
2929,2992 3
2929,2997 7
2929,3002 3
2930,49828 6
2931,20831 7
2932,7940 4
2940,47373 2
2941,41047 4
2942,8018 9
2943,12363 3
2943,27276 11
2943,27289 10
2946,5300 12
2946,21679 7
2948,29448 3
2954,40972 6
2955,29481 10
2956,26157 11
2957,3942 5
2957,4091 8
2959,23029 4
2960,28973 5
2966,39191 5
2968,12358 3
2972,21967 9
2972,42115 7
2975,8478 8
2975,30821 4
2983,17843 4
2985,15716 3
2986,6290 10
2986,6294 3
2990,12365 4
2990,12395 4
2990,16657 10
2990,45946 4
2991,30553 9
2997,30835 11
2997,32474 5
2997,38271 12
2999,31165 5
3006,6146 12
3007,3991 5
3007,15296 7
3014,3015 1
3014,3016 8
3014,3017 3
3014,3020 8
3020,6089 10
3023,30604 6
3023,30612 3
3023,30613 11
3023,30616 1
3023,30624 5
3023,30626 8
3023,30627 5
3023,30629 1
3023,30633 1
3023,30638 11
3026,47018 4
3032,3033 9
3032,3035 4
3037,10345 5
3039,23031 6
3040,3061 3
3040,3085 6
3040,3102 1
3049,46266 3
3052,29194 11
3052,47418 4
3073,28526 5
3094,4763 5
3094,26564 9
3109,3116 9
3109,3117 7
3109,3118 4
3109,3123 5
3109,3128 7
3111,3132 12
3116,30661 6
3120,47665 6
3121,6429 9
3121,19792 9
3124,3961 7
3126,30686 4
3129,13856 4
3129,28579 8
3129,41495 5
3109,3130 1
3131,20200 12
3131,21136 11
3131,49776 7
3134,3135 8
3134,3136 8
3134,3137 8
3134,3138 12
3134,3139 1
3134,3140 7
3134,3142 10
3134,3144 3
3134,3149 5
3134,3156 1
3134,3163 8
3134,3165 9
3134,3166 4
3134,3168 9
3134,3170 4
3134,3172 6
3134,3173 10
3134,3177 8
3134,3178 3
3134,3179 7
3134,3180 1
3134,3183 5
3134,3184 12
3134,3187 3
3134,3188 2
3134,3189 10
3134,3196 7
3134,3198 2
3134,3199 6
3134,3206 10
3134,3209 8
3134,3211 7
3134,3216 12
3134,3217 11
3134,3219 3
3134,3221 5
3134,3224 6
3136,19342 4
3136,24791 5
3141,18054 10
3141,25610 3
3144,9146 5
3145,45393 12
3146,20053 4
3146,42082 12
3146,47113 9
3147,12390 3
3147,25882 8
3150,15853 7
3150,23371 5
3150,28406 5
3150,29101 5
3150,36137 5
3150,44807 9
3152,42094 12
3152,47184 11
3161,25315 12
3161,25323 4
3161,33839 5
3167,4642 8
3167,5106 6
3167,7380 10
3167,29938 4
3171,14279 8
3173,36034 10
3175,4823 5
3175,4824 9
3175,4830 6
3175,4836 4
3175,4838 5
3175,4843 2
3175,4844 6
3175,4846 6
3175,4847 4
3175,4848 2
3175,4851 4
3184,25579 6
3187,21152 3
3188,28813 12
3196,21086 5
3206,32919 12
3206,47614 6
3210,47094 9
3211,48732 5
3224,49903 6
3134,3227 6
3229,13575 11
3230,4075 11
3230,9772 12
3230,15968 7
3230,29798 10
3230,30580 7
3230,35664 8
3230,45122 8
3231,42387 12
3232,3236 5
3232,3249 1
3234,38811 3
3235,30068 5
3237,25001 3
3238,32667 6
3238,41098 2
3238,45078 5
3245,38185 11
3247,3258 2
3248,13042 8
3248,43656 4
3232,3255 2
3232,3256 3
3232,3259 1
3264,9922 8
3232,3269 2
1918,3270 6
3232,3272 1
3232,3274 1
3232,3275 2
3275,3277 2
3279,40050 3
3282,3286 5
3282,3292 3
3282,3293 2
3282,3296 4
3284,3303 3
3285,49624 11
3286,3301 8
3291,24348 3
3294,29832 6
3282,3297 2
3298,13991 6
3298,14070 8
3298,23653 2
3298,29744 4
3300,32428 1
3300,32518 7
3282,3302 1
3304,3308 1
3304,3310 1
3304,3311 9
3304,3314 3
3304,3319 5
3304,3324 4
3304,3325 12
3304,3329 9
3304,3330 1
3304,3331 8
3304,3340 4
3304,3342 10
3304,3343 1
3304,3349 4
3304,3350 12
3304,3355 2
3304,3357 9
3304,3361 3
3304,3367 5
3305,11466 12
3305,16255 12
3305,46252 11
3305,46257 7
3309,6858 11
3309,15448 6
3312,15450 12
3313,14974 10
3317,15449 10
3317,15451 11
3327,3374 11
3333,6866 8
3333,21595 10
3335,31328 11
3337,20830 7
3337,43722 7
3339,45620 1
3344,15466 6
3347,25522 10
3353,14074 10
3358,28607 9
3362,13537 8
3368,15470 2
3304,3369 1
3374,15473 6
3376,10656 10
3376,11476 6
3376,15497 8
3376,19873 6
3376,21277 8
3376,25848 10
3376,28373 6
3376,31437 5
3376,33274 4
3376,33446 8
3376,36170 9
3376,36636 5
3376,40672 5
3376,45508 4
3377,12477 11
3377,13168 10
3380,3381 3
3381,3382 5
3381,3385 3
3381,45521 6
3381,45542 6
3381,45700 3
3383,12426 6
3380,3386 2
3387,3388 2
3388,36188 8
3390,3391 0
3390,3392 3
3390,3396 2
3390,3404 7
3390,3406 10
3390,3408 2
3390,3411 3
3390,3415 4
3390,3416 1
3390,3417 3
3390,3418 2
3390,3423 3
3390,3424 8
3390,3425 2
3390,3434 6
3392,3446 5
3393,4750 8
3393,8699 12
3394,6571 2
3394,30069 6
3394,40085 10
3397,38040 7
3398,3444 5
3398,19129 9
3399,38208 9
3400,18284 6
3401,6957 10
3401,13949 3
3403,38860 8
3403,44627 9
3405,3908 9
3409,33938 7
3409,43407 7
3411,4349 9
3412,14601 5
3412,14609 7
3412,39710 11
3419,9481 3
3420,28527 6
3420,28530 2
3421,3449 2
3424,43477 10
3428,45538 6
3429,24462 10
3430,3872 8
3434,45316 2
3436,22656 7
3437,11328 11
3437,43710 4
3438,27082 6
3390,3439 2
3390,3443 4
114,3445 7
3390,3447 1
3450,8584 10
3450,8611 10
3450,10460 10
3450,12487 6
3450,14881 3
3450,19679 4
3450,21962 8
3450,26317 3
3450,29732 5
3450,48661 8
3453,3566 11
3455,4037 11
3457,43763 8
3466,21964 10
3466,42222 11
3466,46908 6
3466,46914 5
3466,46915 5
3466,46923 6
3466,46932 5
3466,46935 8
3466,46949 6
3472,44645 7
3474,49350 3
3475,30658 5
3475,46970 5
3478,25979 10
3481,12312 12
3481,45311 8
3482,43100 12
3483,27846 6
3483,45726 12
3488,7169 7
3499,41055 6
3500,7168 7
3503,25968 9
3505,21344 9
3511,25774 5
3513,30681 6
3518,21272 2
3518,25985 6
3518,33301 3
3519,10402 6
3521,25097 8
3521,30587 5
3527,10438 5
3528,44910 5
3528,49082 7
3532,3568 4
3534,14268 8
3537,20948 6
3541,45597 8
3547,9678 10
3547,45621 11
3548,44477 3
3549,5858 10
3549,19835 5
3549,20463 8
3549,30720 9
3549,38274 11
3549,45617 6
3553,45738 4
3560,10513 11
3560,10520 7
3560,49391 8
3570,3572 1
3573,35762 7
3575,13853 7
3575,14019 3
3575,23666 10
3576,13925 4
3576,14037 11
3577,13880 9
3577,29262 8
3577,43740 2
2588,3578 12
3578,9492 10
3578,32040 8
3580,3582 6
3583,3602 5
3583,3945 12
3584,3609 8
3585,3589 9
3585,3599 8
3585,3604 5
3586,3590 5
3586,3592 4
3586,17107 4
3586,22942 5
3586,23229 9
3586,35188 10
3589,3594 10
3584,3593 10
3594,10336 7
3594,43554 8
3594,47224 8
3594,48619 8
3584,3596 5
2091,3603 3
3606,27640 10
3606,38100 2
3584,3608 1
3610,3611 10
3610,3614 11
3610,3615 10
3610,3617 12
3610,3621 11
3610,3624 4
3610,3630 11
3610,3635 10
3610,3638 10
3610,3643 5
3610,3647 3
3610,3648 7
3610,3652 10
3610,3654 4
3610,3665 2
3610,3668 2
3610,3670 3
3610,3674 7
3616,3680 10
3617,17745 2
3618,32080 6
3621,3683 4
3621,39054 9
3626,35808 8
3634,3681 3
3656,40584 12
3659,39893 12
3675,3897 4
3676,4961 2
3676,26742 6
3610,3678 1
3610,3682 12
3682,15971 2
3684,3687 4
3684,3688 2
3684,3690 3
3684,3693 7
3684,3694 11
3684,3695 1
3684,3696 4
3684,3699 2
3684,3700 3
3684,3701 2
3684,3705 3
3684,3710 7
3684,3711 1
3684,3713 4
3684,3716 6
3684,3717 3
3684,3720 4
3684,3722 1
3684,3724 4
3684,3726 5
3684,3728 6
3684,3735 3
3684,3737 2
3684,3742 4
3687,35332 11
3691,43547 2
3692,3758 3
3692,39022 6
3693,48668 4
3696,48669 3
3702,11263 11
3702,12847 11
3702,16640 10
3702,24745 6
3702,25946 9
3702,38361 10
3702,44863 9
3707,3750 6
3708,48630 7
3712,48672 1
3712,48675 1
3712,48676 4
3713,3749 3
3718,40498 3
3719,4079 6
3719,14402 12
3719,25292 12
3719,26598 10
3727,16649 5
3731,7311 12
3731,14282 10
3731,25782 7
3731,43067 12
3734,34018 12
3734,45403 11
3736,6120 12
3736,29797 8
3736,29839 10
3736,40981 12
3743,43654 11
3746,10738 9
3684,3747 6
3747,19879 7
3748,14261 2
3748,29079 8
3752,48798 12
3757,48829 8
3760,42031 1
3761,3767 3
3761,3771 4
3761,3773 6
3762,5549 7
3762,20474 7
3762,20481 2
3762,34029 11
3763,35820 11
3765,3778 4
3770,8618 7
3770,27339 3
3770,47591 2
3761,3777 1
3779,3780 4
3779,3782 2
3779,3783 1
3779,3787 3
3781,3794 7
3789,32122 4
3790,47183 4
3798,3804 5
3798,3805 9
3798,3808 6
3798,3811 11
3798,3817 1
3798,3823 7
3798,3825 8
3798,3827 11
3798,3829 12
3798,3833 10
3798,3836 4
3798,3841 3
3798,3848 11
3799,3853 10
3799,3855 11
3799,3870 8
3801,3864 8
3801,3866 4
3819,25534 2
3823,17719 7
3825,26450 8
3826,21416 6
3835,3868 3
3842,20918 3
3842,20928 9
3842,42480 11
3842,42498 4
3843,23313 5
3843,23315 3
3844,3871 9
3844,10319 6
3845,16345 11
3845,29278 10
3798,3851 2
3857,20732 2
3857,20734 3
3857,20736 4
3857,20738 10
3857,20741 6
3857,20743 5
3857,20745 2
3857,20751 3
3857,20752 3
3857,20755 4
3857,20757 1
3857,20758 2
3857,20762 11
3857,20763 8
3857,20766 9
3859,3860 2
3869,16698 7
3871,8011 3
3871,29154 10
3873,3877 5
3873,3881 5
3873,3884 10
3873,3888 6
3873,3899 3
3873,3900 3
3873,3902 11
3873,3912 1
3873,3917 6
3873,3919 2
3873,3925 9
3873,3936 9
3873,3939 2
3873,3941 12
3873,3944 4
3873,3949 9
3873,3959 11
3873,3962 10
3873,3965 8
3873,3969 9
3980,3996 1
3982,6219 1
3976,3988 9
3989,47563 0
3905,3997 11
4000,4053 4
4005,25972 1
3973,4010 10
3874,4012 1
3894,4017 2
2996,4018 1
3899,4022 11
3900,4026 2
368,4029 3
4034,11516 8
3952,4038 3
4040,16532 1
4022,4042 1
3962,4043 7
3885,4051 3
3965,4052 10
4054,4139 4
3685,4056 7
4058,4172 1
4062,18349 4
4065,13209 3
3973,4067 8
4068,14918 4
3971,4085 12
4100,22110 0
3977,4105 1
4107,4467 0
4075,4110 6
1685,4116 9
4047,4117 6
4123,20569 1
3902,4127 11
3971,4132 11
3974,4142 2
4108,4144 3
3918,4146 5
4151,11469 0
4156,4160 7
4103,4165 9
3948,4170 2
3917,4177 6
4183,6338 1
3714,4186 3
4182,4195 4
3948,4209 1
3953,4214 2
4021,4215 10
4110,4216 1
4227,7292 1
3916,4228 10
4229,6564 0
3978,4237 10
4015,4243 7
3926,4245 5
4248,22272 1
4047,4250 6
3874,4251 8
4206,4256 4
3877,29872 11
3882,12945 7
3882,20220 10
3882,36632 12
3883,33386 4
3883,48811 4
3885,17324 6
3887,19994 11
3887,38570 10
3891,7136 10
3892,23072 2
3898,49829 3
3899,6643 12
3901,21097 3
3904,36353 4
3906,22181 9
3907,4263 8
3913,24557 9
3915,41967 12
3917,23024 4
3918,29022 9
3920,4663 3
3920,22184 10
3920,33066 4
3926,20490 11
3926,23922 5
3926,24748 5
3927,8728 12
3928,16385 7
3929,24937 2
3931,6830 12
3931,10906 5
3931,11609 12
3931,22810 5
3931,25990 12
20728,48916 6
3933,43727 8
3934,28242 9
3937,9884 11
3937,11579 12
3937,14292 5
3937,14384 7
3937,23044 3
45280,47454 4
9391,48631 9
3941,14946 10
3944,29332 7
3945,44572 8
3946,6390 7
3947,27908 6
3950,5886 7
3950,16509 3
3950,23445 11
3950,27850 4
3951,11478 5
3958,49036 12
3958,49830 10
3968,34357 9
3971,4307 2
3971,4437 4
3978,19128 6
3991,41480 4
3992,23076 2
3993,6464 9
3996,26960 5
3999,9585 10
4002,16671 5
4008,13905 1
4011,23192 8
4011,30774 7
4011,43746 11
4011,46514 11
4024,25828 5
4029,31967 11
4032,4985 2
4036,7249 8
4036,13467 8
4036,26456 7
4036,27529 9
4036,40377 8
4036,49284 7
4037,6394 10
4037,33817 5
4041,19520 7
4044,48859 9
4045,10296 11
4045,30871 8
4046,22134 9
4046,26502 7
4046,29549 10
4046,30776 8
4048,6261 8
4048,11021 11
4048,25805 10
4048,25921 11
4049,4902 4
4049,4924 6
4049,23963 12
4050,17830 6
4050,17832 6
4052,23973 2
4055,15378 8
4055,45903 7
4056,36173 5
4062,45086 11
4062,49956 6
4064,9402 6
4069,16218 9
4069,47669 7
4074,4712 12
4074,22271 10
4074,44800 8
4075,18421 11
4076,6227 10
4076,26444 11
4087,26622 10
4090,17531 9
4092,5362 4
4092,8052 10
4102,17862 12
4102,23059 12
4104,11610 3
4104,15612 9
4104,18521 6
4104,43531 10
4104,47641 2
4104,49052 8
4104,49373 10
4110,15409 4
4112,20288 6
4112,29890 12
4114,8235 11
4114,10934 5
4114,26095 10
4116,16099 3
4118,27465 7
4125,29028 7
4125,29366 4
4125,29372 8
4125,29374 3
4128,6341 5
4129,46926 2
4132,20008 6
4135,21946 4
4138,16637 7
4138,19745 3
4139,10356 1
4139,25517 9
4139,33700 6
4141,48949 9
4157,24195 10
4161,6628 5
4161,7987 9
4161,20865 11
4162,29204 10
4163,14347 12
4163,16002 12
4163,25826 3
4166,15873 12
4167,15653 11
4168,22179 8
4169,31780 10
4173,30833 12
4174,38975 4
4176,24687 6
4177,23081 4
4182,13540 5
4182,22567 7
4185,8621 9
4185,9600 5
4188,42473 9
4188,42479 9
4190,15631 9
4190,22518 7
4194,5309 10
4196,13235 12
4196,24424 8
4201,44029 12
4204,21954 12
4205,27865 4
4208,21080 10
4210,13336 12
4210,25179 5
4210,45182 6
4213,28637 5
4213,28647 4
4213,28656 1
4213,28670 4
4213,28677 2
4213,28678 5
4213,28685 2
4213,28686 1
4220,36576 4
4224,13436 3
4224,24004 12
4224,25829 12
4227,19120 9
4231,49325 10
4231,49343 9
4233,8898 11
4234,6212 12
4234,20498 7
4234,32986 7
4238,6205 9
4240,10343 8
4240,36199 9
4244,4326 1
4246,6838 8
4246,18410 3
4246,22297 4
4246,23938 2
4246,25325 7
4253,42482 11
4254,8447 2
4254,42957 9
3986,4259 1
4261,14356 11
4261,15178 7
4261,30388 2
4261,33773 12
4261,39044 11
4261,45455 5
4262,20941 8
4264,22170 4
3908,4275 8
4278,4282 4
4278,20065 9
4278,35429 7
4279,21908 9
4283,45091 7
4284,7343 1
4287,17695 8
4289,25939 11
4291,21151 7
4293,35432 10
4297,10384 10
4297,21870 5
4302,49332 8
4302,49336 4
4302,49356 11
4302,49359 3
4302,49363 6
4302,49365 7
4309,45396 7
2659,4311 11
4311,18168 8
4311,47609 8
4313,38128 8
4313,44747 9
4314,13630 6
4315,15747 10
4317,24215 3
4320,18515 3
4320,18516 5
4320,18519 7
4320,18520 4
4320,18525 3
4320,18526 5
4320,18528 4
4320,18531 3
4322,41114 0
4327,4332 5
4327,4333 4
4327,4334 1
4327,4338 2
4327,4342 3
4327,4343 3
4327,4346 3
4327,4347 3
4327,4348 2
4327,4355 3
4327,4357 2
4327,4362 3
4327,4363 6
4327,4365 1
4327,4369 8
4327,4371 10
4327,4374 10
4327,4377 1
4327,4378 1
4327,4382 3
4327,4386 3
4330,48362 3
4331,24949 2
4342,32543 10
4343,29167 2
4349,4753 3
4350,6697 11
4354,9720 9
4354,32204 9
4354,43451 6
4359,17763 4
4361,6081 12
4364,9958 10
4364,26519 11
4364,46117 4
4364,46167 9
4369,18149 5
4369,35676 4
4369,38149 6
4379,12251 10
4384,4393 5
4386,7766 7
4389,9139 2
4389,10946 9
4389,33502 3
4389,36756 7
4327,4392 1
4396,4403 2
4396,4409 8
4396,4411 5
4396,4413 5
4396,4421 2
4396,4427 7
4396,4429 6
4396,4430 8
4396,4432 10
4396,4434 4
4396,4445 1
4396,4458 1
4396,4459 3
4396,4465 5
4396,4466 6
4396,4470 4
4396,4475 12
4396,4476 6
4398,39123 2
4399,17799 3
4405,33440 10
4405,49186 6
4407,4485 9
4407,47757 11
4408,32003 9
4412,23818 12
4415,26353 8
4415,40707 4
4416,44869 9
4420,23817 5
4422,49768 3
4425,24319 5
4425,32416 7
4427,22201 4
4437,32121 6
4446,35408 9
4448,39227 3
4456,18064 3
4456,36322 11
4456,40044 4
4464,31260 12
4465,35340 6
4467,41282 6
4471,17950 6
4483,49224 4
4484,7738 5
4484,7802 2
4485,47011 6
4486,34664 1
4396,4489 1
4396,4490 2
4396,4491 3
4493,4495 3
4493,4499 4
4493,4502 3
4493,4504 1
4493,4505 5
4493,4506 11
4493,4510 2
4493,4512 2
4493,4515 2
4493,4524 6
4493,4528 2
4499,35886 9
4511,10859 2
4511,32257 3
4517,26273 11
4518,17974 9
4521,7813 11
4521,38748 4
4524,45661 3
4527,36532 6
4530,11167 10
4530,11254 9
4530,47000 7
4531,4532 6
4531,4552 8
4531,4554 11
4531,4558 6
4531,4562 5
4531,4565 3
4531,4566 1
4531,4568 4
4531,4581 8
4531,4582 7
4531,4587 6
4531,4588 9
4531,4594 10
4531,4600 8
4531,4601 4
4531,4602 4
4531,4606 3
4531,4614 5
4536,27896 4
4540,25226 7
4563,47333 7
4564,26302 4
4575,4615 11
4575,47311 4
4576,29353 6
4580,13839 11
4582,19288 5
4582,19313 5
4590,26554 8
4590,26575 9
4601,49371 12
4617,4618 3
4617,4622 9
4617,4624 7
4617,4631 10
4617,4632 4
4617,4637 4
4617,4638 4
4617,4640 12
4620,4641 7
4622,42786 6
4639,42789 4
4617,4645 1
4617,4646 9
4646,8434 4
4617,4647 3
4617,4648 7
4648,16817 2
4648,16818 6
4617,4649 1
4651,4656 1
4651,4658 8
4651,4660 3
4654,4662 7
4655,8638 7
4655,21748 5
4658,5999 10
4658,21894 11
4663,46209 9
4664,4671 1
4664,4678 3
4664,4686 3
4664,4688 3
4664,4689 6
4664,4690 3
4664,4692 6
4665,46285 3
4670,42922 8
4679,5230 3
4679,6485 8
4679,24562 6
4679,26229 8
4679,32073 8
4679,33869 7
4679,46869 5
4687,45294 3
4689,4697 4
4664,4696 10
4698,4701 12
4698,4702 10
4698,4708 9
4698,4709 10
4698,4711 2
4701,4714 8
4716,4719 1
4716,4720 11
4716,4728 9
4716,4729 10
4716,4732 4
4716,4739 1
4716,4744 1
4716,4746 1
4716,4747 1
4716,4751 6
4716,4754 1
4716,4756 2
4716,4758 9
4716,4760 1
4716,4769 9
4716,4770 7
4716,4771 2
4717,9790 9
4717,12652 9
4717,15295 3
4717,19888 6
4717,20713 7
4717,30759 4
4720,4772 12
4725,38788 7
4730,33804 10
4731,49677 7
4733,39011 10
4736,33824 8
4737,34309 8
4738,10713 4
4752,5949 6
4752,9387 7
4757,12917 4
4758,39158 8
4765,18631 5
4766,28808 7
4766,32106 4
4767,34950 9
4774,4777 4
4774,4780 1
4774,4785 2
4774,4786 1
4774,4794 2
4774,4796 8
4774,4799 3
4774,4800 1
4774,4801 5
4774,4807 3
4774,4811 3
4782,20021 6
4787,13583 3
4801,21521 3
4804,38508 4
4805,34253 11
4806,49409 2
4828,10795 4
4828,10811 11
4828,26401 4
4830,16929 9
4832,7492 10
4835,12381 4
4838,11347 4
4838,11376 2
4839,22757 4
4839,23380 6
4839,46851 4
4841,5055 8
4845,48722 12
4846,6656 6
4847,16279 3
4848,4852 2
4849,30154 10
4850,10540 2
4853,4854 0
4856,4860 1
4856,4861 4
4856,4862 4
4856,4866 3
4856,4868 2
4856,4869 2
4858,36356 6
4858,36362 3
4858,36368 2
4871,4874 4
4871,4876 3
4871,4877 1
4871,4878 11
4871,4885 11
4871,4893 5
4871,4894 1
4871,4906 11
4871,4907 7
4871,4911 3
4871,4915 4
4871,4918 5
4871,4920 3
4871,4921 4
4871,4922 10
4871,4928 1
4871,4929 2
4871,4932 7
4871,4936 7
4871,4937 3
4872,29889 6
4875,9802 4
4875,17475 6
4875,30478 3
4875,41640 1
4875,44637 5
4907,8519 11
4910,6240 6